1.4 
0.48 
1 
1.4 
1.7
1.5 
1.3 
1.3 
0.94 
2.0
1.3 
1.2 
2.2 
1.6 
0.8
0.82 
2 
2.1 
1.2 
1.1
1.3 
1.6 
1.7 
1.3 
1.5
1 
1.6 
0.97 
1.5 
1.8
0.92 
1.6 
2.2 
1.4 
1.5
1.7 
1.3 
0.98 
1.2 
1.8
1.1 
0.82 
1.7 
1.3 
1.2
0.98 
0.79 
0.83 
1.5 
1.5
1.5 
1.3 
1.1 
1.2 
0.75
0.77 
1.3 
1.2 
1.5 
1.2
1.2 
1.4 
0.61 
1.4 
0.48
1.8 
0.52 
1.7 
1.2 
0.68
1.1 
1.3 
1 
1.1 
1.3
2.3 
1.2 
0.83 
0.66 
1.2
0.95 
0.37 
1.9 
1.2 
1
0.9 
1 
1.6 
1.6 
0.74
1.0 
0.93 
1.8 
1.3 
1.0
1.5 
1.5 
0.96 
0.72 
1.5
0.57 
1.3 
1.3 
0.69 
1.5
0.66 
0.75 
0.76 
1.3 
1.5
1.1 
0.22 
1.4 
0.82 
0.52
0.85 
1.5 
1.4 
1.2 
1.2
1.7 
0.96 
1.5 
1.5 
0.84
1.0 
0.94