-1.403135 3.486874 -0.03364416 -0.8951914 0.5235281
0.03373163 4.545893 0.5348116 -0.7088987 2.207878
0.5493001 -1.411741 -0.0009335616 -1.075977 2.05034
-0.360857 -0.2064517 -0.01743500 0.0854948 -1.335709
0.9616613 1.457962 -1.656644 -1.25653 -0.8206132
-0.9969285 -0.2032986 0.7623238 0.4746856 0.2882525
-0.6274498 -1.405751 -0.2597673 -2.176127 1.309355
-0.3322573 -0.5559923 1.010760 2.589761 -1.041614
0.5989543 -1.123485 0.7380655 -5.405053 -0.5524901
1.262326 -0.5009823 1.245902 -0.2854368 -0.1278069
0.09660608 1.003717 0.5201583 0.05965751 -5.393986
0.5269283 -0.1189709 0.2837746 -0.1945146 -0.979189
1.230934 -2.218731 -0.1713218 -0.2221834 1.822781
-0.04277222 -0.1325277 0.2600122 -1.164689 -0.07818507
0.9162417 -1.479267 -2.036825 0.6385711 -0.6923208
-0.9838275 -2.438621 0.1344918 -0.5411435 0.1848209
1.372496 0.3487470 0.6148156 -0.1666702 0.8577122
-2.174788 1.308881 1.183111 0.008963535 -1.385606
-0.001706361 -0.1079980 0.2304465 -0.2564566 -0.3902298
-1.096720 0.3533863 -0.6457361 -0.03446448 -0.4138878
0.2076354 -1.966516 -0.1772133 0.81183 1.815404
0.1085859 -1.360643 1.321184 0.2158851 -0.2158774
2.58505 -0.02267773 -1.276095 1.297869 -1.227064
-0.9997267 0.05251179 -0.6349066 0.1979512 0.06671694
-2.000398 1.245225 -2.012469 0.123904 -0.2417191
0.7913153 1.192263 0.6666064 -0.2487353 0.4023163
0.8392018 -0.7517896 0.1164617 -1.921709 -0.3651742
1.413923 0.6906164 -0.6681001 -3.601001 -0.07085253
3.362397 1.725213 0.6236753 -1.202539 -0.5294882
-0.09188225 1.385618 0.5685091 1.612793 -1.182886
-0.3315329 -0.6698376 -1.287775 -0.5045254 0.09135154
1.228210 -1.442011 -0.1748662 0.3097928 -0.5414559
-0.6580346 -0.3185396 -0.1754728 -1.430844 1.691006
-0.5487732 2.790736 -0.898801 2.100428 0.2640101
-0.224366 1.587011 1.373793 -0.8317018 -0.4126459
0.7494529 -0.4200562 -2.075773 1.004733 -0.3310287
-3.06018 0.6513793 0.787249 0.3227796 0.3301515
-1.966402 1.351616 -0.3460623 -0.08419424 -1.117039
1.571953 1.77043 0.8918112 1.388121 1.185935
0.9677644 3.078537 1.317030 0.3098456 -2.051047
0.3223831 0.2362865 1.098845 0.07216929 -0.3851392
0.683252 0.2562527 -0.2479752 1.282948 -1.626288
1.381050 -0.6547958 0.1403171 0.3809701 -0.3705612
-0.4921685 -1.549421 -1.266756 0.993228 0.7040018
-2.658359 -0.2268958 0.3900876 -1.388756 -3.938837
0.274791 -3.860247 0.4858532 0.8253966 -0.3555841
-0.1721474 1.332551 -0.9813494 0.4925412 -1.148973
-2.636814 0.08000547 0.3766422 0.5367953 0.07565126
1.078409 -0.2249031 0.2468987 2.107154 -0.1631218
0.6096782 0.7629054 -0.2802899 1.015131 0.6805144
-0.03165991 -1.334537 -1.258304 -1.707656 -1.784622
1.487539 1.263515 -1.004957 -1.587069 0.4121854
-0.05004742 -1.007390 -0.02330236 0.5762508 -6.29222
0.9854815 -0.2702337 -0.1277007 0.7454848 0.3932499
0.2532571 -0.2022401 2.142251 0.1056047 0.9441044
0.8762318 -0.6249889 0.3072833 0.8937346 0.7561297
0.2270093 1.161495 0.3915981 0.5966554 -0.5258699
1.717667 -0.3752035 -0.9409112 0.1177767 0.8488434
1.174376 1.299123 2.728418 0.2861133 -1.103953
0.1282944 0.5558939 0.920709 -1.818306 2.733631
0.8096472 0.93329 2.012301 -0.01687257 -1.739182
-0.150179 -0.2495669 1.446605 -0.2785211 1.015721
0.08058553 -0.6119145 0.2470237 2.214638 -1.199192
-0.3665402 0.6687398 0.9924232 -0.6636088 0.4939542
0.6971176 -0.1219607 -0.8433848 1.466422 0.8232557
0.950263 0.5063255 -0.9121581 -1.555605 -0.9550349
0.4882004 0.3602639 -0.06711034 0.9519974 -0.3296645
-0.6330189 1.197586 -0.1169226 0.4294735 -0.8552257
0.4135296 0.5558303 1.526963 1.410000 -1.103943
1.514727 -0.5424272 0.3488984 -1.617380 -1.093460
0.09844735 -0.3318206 -0.5565835 0.4771085 0.5677236
-0.3971474 -1.170445 1.114912 -1.062125 -0.5608429
0.4513879 -1.100855 0.7323623 -0.961367 0.896344
0.8494944 1.835350 -0.7272574 -0.1389612 -0.5434774
-0.4401184 0.2280711 0.4245947 -0.8470682 0.6804634
-0.0962293 -0.1959513 0.5740406 -1.789251 1.283988
-0.6821202 -1.896818 -0.6904063 -3.261968 0.6461639
0.04922559 0.5177948 -2.14534 0.1202078 -0.2776153
-0.7044737 1.858328 2.879753 0.3480233 1.837444
0.2898662 0.5391238 1.828207 1.709696 0.4946355
-1.254186 1.256875 0.4327523 -0.08693571 0.6160244
4.818963 -1.786561 -1.003732 -1.179772 -0.8751011
0.6155287 1.387991 -2.276280 1.362214 1.335341
-0.7517385 -0.3249609 0.03331437 2.688854 1.373737
0.9053556 0.8195263 -0.5216249 0.5392707 1.452555
0.1208120 0.5743026 0.6625315 0.03979220 -0.3351791
1.253959 -0.2402763 0.07842505 0.9114548 -0.412328
-0.8068412 -0.4401339 -0.7089302 -1.227171 1.973580
-0.6074223 -1.684518 -1.142292 0.686481 -0.7123139
0.1134009 1.442259 -1.852384 -0.2992865 -1.596053
0.1795079 0.8859068 1.433942 -2.383105 -0.4244777
-2.736071 -1.862019 0.6014351 0.3774016 0.05698091
-1.441666 -0.1323592 -0.503332 2.292863 1.688544
0.9240304 0.1143424 0.02470201 -2.092702 -1.942367
-0.4317294 1.218755 2.151896 -1.278914 -0.3789021
-0.6732943 -1.257937 0.8049574 -5.333257 0.9129517
0.1974946 -1.077982 1.543948 -0.7905022 -1.744775
0.8785438 1.442748 -1.450107 -0.01560243 0.4150776
-0.3837715 1.298234 -0.5859363 0.963055 1.025272
0.5007803 -1.076737 -0.3023228 1.216770 -0.3185749
-1.998331 0.1329777 0.4432025 0.8254149 -0.587235
-0.9482932 -1.698767 3.185225 0.5330701 -1.252216
1.439131 0.4009679 0.6274559 1.529495 -0.8930943
0.5691844 -0.9857168 -1.097089 -0.065372 -1.157853
0.5844308 2.144605 0.4244982 -0.058562 -2.118767
-0.5224987 0.5900666 -1.004136 -0.6555739 -0.5880211
0.71386 1.384475 0.4645508 -1.768404 3.387534
0.02842221 1.065079 0.1180025 0.2778776 -0.2978014
-1.123214 -0.1500756 -0.8262469 -2.063908 1.396334
0.02705679 0.8747606 -0.2266821 -3.195475 0.4859519
0.7972504 0.4665935 -3.667606 0.4070004 0.2862724
0.502462 1.572603 1.349133 0.6944711 1.457116
0.9431265 0.3443497 0.2640500 0.2846454 0.06344574
0.005640701 0.9721998 0.6510146 -1.057336 1.354214
0.1625581 -0.3066616 0.306238 -0.8713393 0.09210193
1.829112 0.08845415 0.4863494 0.5181182 0.2932102
1.398962 -1.986257 -0.05620512 -0.1661135 0.3143346
0.700004 -1.125046 0.3065946 2.156313 -0.5387394
0.5886341 -1.268905 -0.8291401 -0.354721 2.367685
0.5277637 -0.6024097 -0.1650629 1.266713 1.021750
2.199733 1.18579 0.823816 0.5234137 0.8232743
0.07935339 -0.3645357 -1.529060 0.5320734 -1.327865
0.05258566 -0.4273615 0.4544659 -0.3490529 2.183668
-1.145317 1.536553 1.22607 -0.3206972 0.3747285
0.1710781 0.8530439 -0.1971678 1.479030 -1.329357
1.217173 -1.793111 -1.272282 0.9064442 1.818312
-1.500538 0.1990540 -1.178454 -0.1483141 0.4129259
0.3483595 0.865106 -0.7570682 0.2200916 -0.4679812
-0.7115834 -0.4500758 -0.01225294 -0.8660285 0.30612
1.311835 0.7600353 0.5142241 0.7848019 -1.149419
1.509619 -1.823707 2.305082 -0.5039176 -2.548581
0.7210865 -0.217295 -0.1796862 -0.214538 -0.8108019
1.166260 -1.046865 0.8611618 0.01188118 1.695815
0.6810161 -0.5245569 0.02647014 0.7160361 -0.06503342
0.3465031 -0.7157077 -0.08244006 -0.1599092 0.7681682
1.559839 -1.297726 2.200130 0.6573955 -0.06950403
-0.7171675 0.501496 0.1325992 -0.6555802 1.017660
0.1996962 -0.8762524 1.497556 -0.7518135 -0.2603016
-0.3273810 -0.8844753 0.4056522 0.8725782 0.852465
-1.269492 -0.5056184 -2.655809 -0.6094084 1.860890
0.115933 1.260570 -2.700545 -0.4468577 -1.484376
-0.7685705 0.6149569 -0.4282399 0.7288733 1.014965
-0.5216161 0.1685001 1.929956 0.3505202 2.310490
0.6664127 0.931831 1.331570 -0.07953417 1.080094
-0.6796185 -0.1318943 0.346872 -0.1236733 -0.3779641
1.060374 0.1363882 1.010080 -0.564974 -1.370217
-0.6070012 0.5756325 -1.35032 0.2713608 0.7342298
1.331516 -0.3052355 1.246103 1.526957 -1.021926
0.3735090 -0.6685943 -0.5913386 0.002004849 0.02537357
-0.5696302 -1.110508 -0.1074371 1.323942 -0.1463667
-3.558757 1.810304 -0.3021401 0.9923582 0.5488913
-0.1575040 0.6587668 -0.7011588 -1.679775 -0.6982459
-0.4399598 -0.721967 0.1800810 -1.122224 0.3882415
-0.6194764 -2.346506 -1.070471 -0.2170097 0.7979897
-2.291219 0.9934477 -1.792705 0.7123486 0.9515763
0.1121980 -0.08170188 -0.2255360 -1.848332 -0.5078996
-0.5188826 1.571028 -1.219512 1.221652 0.07204903
-2.296089 1.824107 -0.5152612 -0.4779365 -0.1511513
1.844991 0.7534805 -1.367328 0.09542187 0.330696
0.908352 -0.1879499 0.4753375 0.972504 1.956638
0.005322936 -1.315033 0.5564244 -0.815018 -0.06026442
2.101277 -0.01864522 -0.8125927 -0.9884489 -0.6062347
-1.316475 0.2203614 -1.934588 0.7095332 0.9616862
-0.9414785 -0.05458622 -2.802102 -1.039784 -0.5675905
0.2164160 -0.5534005 -0.3878223 -1.35804 -0.07389448
-2.29203 1.530936 0.2828159 1.906797 -1.195513
0.4393498 0.4218844 -3.414248 1.106190 1.206494
-0.4897653 0.09222321 0.1885233 -0.2598676 -0.7654833
-0.8266281 0.1620818 0.01109695 -0.1632211 -0.4044780
0.5186694 -0.1537742 0.3087576 1.460588 0.2709837
0.06427 -1.766671 -8.992027e-05 -0.004262869 -2.256098
-0.8325247 -0.8419587 0.8290395 -1.011023 -0.4350156
0.6868019 1.071159 -0.2963122 -0.7931244 0.3442916
0.6476694 0.4814435 1.843768 0.5529266 0.7552229
1.058153 -0.9267811 -0.4362463 1.326445 0.6743541
1.798082 1.640756 -0.1840374 0.07639957 0.8232344
-0.7067332 0.6538613 -1.171521 0.02935099 -1.418218
-1.886864 1.925849 0.4107948 -0.5222332 -0.3549817
0.9629395 0.4718709 1.402199 0.7123254 -1.605110
-0.5209598 -1.660190 0.2534103 0.5040519 0.2282187
0.6408866 1.018284 1.560168 0.1562319 1.139249
2.046654 -0.7726227 0.3633256 0.3843181 1.065066
-0.07284437 -1.353775 -0.01536067 -0.4470432 0.2591613
-0.9799158 0.2244328 0.8517302 -0.007479696 -0.643056
-1.066458 -0.7530221 -0.1166829 0.04068422 -0.2149761
0.3347029 1.332620 0.4853689 -1.340016 0.9562311
-1.238225 1.099628 -0.1007718 0.5133793 0.03496214
0.963647 0.5274352 -0.1117834 -0.01604561 0.2622893
-0.05250282 0.5413482 -0.3619294 -1.33727 1.988441
0.0613641 -0.6572003 -0.5316749 -0.4522138 -0.04499432
0.3158600 -3.007273 0.403203 -0.4644656 0.3199247
-0.5317007 -0.1955195 1.149002 -0.07855787 -0.9213195
1.383884 0.6433113 1.462105 -0.4730729 0.005268766
0.5366308 -0.4645065 -1.331459 1.43335 1.305114
-3.203788 0.2787888 0.1007546 -0.3303321 -0.002403784
0.1606246 -1.530091 0.06666772 0.185038 0.40535
-0.4197407 0.8904027 -0.7375971 -0.4056650 -0.1892307
-0.768098 -1.404627 -0.9707278 0.206451 0.4886109
-0.3514942 -0.8933046 -0.5074112 -0.7109922 0.4413264
-2.203373 -0.4905058 0.2126296 -0.9133448 -0.5830955